 # | I |	3		16		62		94	--> Difference 32, add count 6 x 5
--------------------------------------
 1 | 5 |	8		21		67		94
 2 | 5 |	13		26		72		94
 3 | 5 |	18		31		77		94
 4 | 5 |	23		36		82		94
 5 | 5 |	28		41		87		94
 6 | 5 |	33		46		92		94	--> Difference 2, add count 1 x 2
 7 | 2 |	35		48		94		94
 8 | 5 |	40		53		99		94
-- |   |	40		53		94		99	-->	Sort Array
 9 | 5 |	45		58		99		99
10 | 5 |	50		63		104		99
-- |   |	50		63		99		104	-->	Sort Array
11 | 5 |	55		68		104		104
12 | 5 |	60		73		109		104
-- |   |	60		73		104		109	-->	Sort Array
13 | 5 |	65		78		109		109
14 | 5 |	70		83		114		109
-- |   |	70		83		109		114	-->	Sort Array
15 | 5 |	75		88		114		114
16 | 5 |	80		93		119		114
-- |   |	80		93		114		119	-->	Sort Array
17 | 5 |	85		98		119		119
18 | 5 |	90		103		124		119
-- |   |	90		103		119		124	-->	Sort Array
19 | 5 |	95		108		124		124
20 | 5 |	100		113		129		124
-- |   |	100		113		124		129	-->	Sort Array
21 | 5 |	105		118		129		129
22 | 5 |	110		123		134		129
-- |   |	110		123		129		134	-->	Sort Array
23 | 5 |	115		128		134		134
24 | 5 |	120		133		139		134
-- |   |	120		133		134		139	-->	Sort Array
25 | 5 |	125		138		139		139
26 | 1 |	126		139		139		139
27 | 5 |	139		144		144		139
-- |   |	139		139		144		144	-->	Sort Array
28 | 5 |	144		144		149		144
-- |   |	144		144		144		149	-->	Sort Array
29 | 5 |	149		149		149		149